117466575963295406044162708213385319363186158537020335297572387739082126762129019465472630931134412211655836699180824676934924406416057938263158785066929383296699829711055662490168371443295439503154201209292542245264190288459645772145807429886056407350776798922407293772110996136390236339325622468699992666309
111101982913954954514843008066671204614743073023828962920580694782660311191560420389282968232712631888536356510444490317953288676348101844670664856707305607961919962657175525543703849055549868425615116367036554489211102950421200583726309167388022349318162069675758487651963637190791603757090619557862215775967
1342143795169936183209305912919507823418461794927547410595036427970464920641470644929250196181172590681225458699897737171616509686362314527740858646890060809927436018664946834107139588768877346314412513012318769620519958794176421842266777816023713930615626664466429751960461603220233901153493319754355982971
8797680714649273236942792119993319774423765919285106285117037764538372708313168187505634810115140932886548178354459700539341537864738958211196211213693225302208138907194410390766701960444372312033464923547243974805908333985470857704114110600304301263392207632074245461392035521824409434254843020858674043127
33518667617083931942939176202922407889849448134166175636972721202334800961892255398191195624706252024200801950175010010422636772696383509280522614354994389107500141084554110820157443211708036832045452629862978253539707180960189430764491248022387757107247090753630968223379128303454405506654398047182846582463
5799183537250124280560758854561352775228743318986175329516927443330499762598560252515111671453123713987518041268845371027783387499643658399577053004137727250420592773659553697826363156853802986624266971641346791054735279507468034963819390942153435809231278303556069849310463826937055479483752753437249218397
147697993400475254047614159403841047652022660657830000215685040668289585861861017094165705277553746973786087218301085035435727570360678963714220523193783402806375062218845050012302193335224689739047417921909698770199638340905576757249103601187396787648744008591729461059688883637168579585817685039815646399311
143720885485949280625133347359538047441673698554082207259666365050464260944273165680652431314498667061191940995384932791284769067213378195760123854651626629746390642598544593200403644532596876483658996385785288251563071768104505489426304535007055218273303620311597132835732024385751734989806287568481308653171
109955582073370024123951809689203172997010076751463481032103786684305305704106367154079788263683743092087737153567698141489214885523367355642445233188981497900282443841821595875900090000216050602101170905947952117965250820940227274721659388735049693090799969045529934514607183626864795542812435929914506766141
21422148114855699909213451190245614221414630229788573290927593909541943722966831081743874037686906845230970264812994598557282498645974703853598387825767618084157688868366491957375579609951709664667297762403167682797415463506909794763613803860860068489724120431878785518863686333109853318766470162107639068009
59696263424997534811760623662992922778558713374832496220512383190572512404361306862785802450668456798285048372066567774115522205916832975266175868468744132880133426176390732639982176963582703156954068373883759712078969015630281318734643088483149713602586842152223692002682300830815927350066761406555558968739
122369578403548068091555494544841097101498583501260282258310784451213069454946749684159845355066577014775629936265027415101094019108811720568467538796720785971981748362142900455329685682563159245778985462086008635465230957354641497376422317162593549168430228014019354936840263130021749924227876414349860513807
9501658702880070374187708371261959254431772140042990617062426649940163728399643695627787301119022377399210841115911106038776496138542382106768100092256240729337415603804819147866676098926959172393176180723230867680528146874313880851881179801485265733326942290312526437165141870256907037236069455702239679017
129652212118991205953629661072721502946854716106789507244106191451609516796706927316521780442797301826751859734551891239950907271324820181444764659805434877232766260662233730644194817305158268436730204497558657733630479882644145658056415896840262506959673459636847276690883499819495307468218230105641050855681
6417617632855854434842614914474550192749049283752756842832195548771079387143094487366554533325769453966770877608690786250357586298507216931930859366941019849762499345077574973411611275051605426695793273628667665219894011109656940683507557644215496239588516494559620424062334462412496514208677164834729184151
19987220989961672987591191504887038308235637631499895090100617468459099233340081392459282065654370459892307597210652876689206572536252758388415762638418135434468219615987041550628027294094145707494097106409031888459287182456175538686853095932115334093529000864550909931453158453559379750785221600230437986911
88637408976418810971858911777440688449211508051449878807926237847995593687244055803653776097910043974644126939036056261746228065341229510332975993838268800403024704354019754541215723618613043545252902296452477083658171506616629253761982759300405213394119316856317270908634715477652221723512331043664130189933
25106001203766604734132710423582969975659888965822886865353327100014883763350964241101471703271907509819749662387854959522324173208595689530974271763633774311142221323340033803702192163942269140310794552757390612176240772532130489269196541075008643801787510341778404093024781660137803859080316496162914235761
13961665055583878930847127872532676268535719934309822040954363642009320846543456678265523191212976356328763311651015270851545219662187140378499372979818668157975984993501494009405951426546576572600426766600593199917607861211714635722833394507668240318307231112991138157225597979368381991074930268087600444029
74555380828743100690413708697652076175774584283149527405057661039398044119931499423681740650809492309446140169325929742451988753757880996975343996300228992547280809740918258399666851528998063621428394358572979436653171750942615951313083177073489598927380740943619663090910028846521522982873476831148546368819
3823277971257385129423199656882448395773790854436113537322336552747404112173098620470720808396631740144067906362905807225490817275518221894215956434796798605850183621032340698218909691480170491110424337428496064752047329002759782105743453235331314902085347041307640390120674277289020316819862759548363123823
174910039324029460560916715597942043214011991043241212625348941850199179145911278071217665761912302882366586838448132549147693223581084726993275420171577039225693510635199331555233112158931021309043403359515809611068601337618716729788627022775546660788553904696163466261373919494114473875347360088721854216153
105788271255829826767117727113399826751375771052239123388582447967328483909411954465974142577068362072667085679354010427051217635071110578078211564012048772366444183473752424720987418786244090305199754236188590151360780557796370539038301105530795608994280553315957822580520604365132102694807884293906358608107
59837134386583150896611707689250246725053194959288204339810386312149149383697017526164976925544878364135599031189532547721503115362118858709483414645746214225497743430924093043492546886601236614849629913869198109787838524296236876360972818064596527783703527555497391887874412623578433969881228861336023559599
48922231062842366096630770758709766445705893628242078835201013078889255623288114505078732551127314850682433564699613732266725870690265922646888262906392394324216704631626641463787116151874595146199513306591238180360675984085852600761620801094048626319600455526929841296271388214947746964679893722541923900903
109589014924239194708215532173287338787697474209299420083223450713995317899240654824737185436362964203196299483261925738500498613400720548455157792899695624152591977382923565690625099964173166055985581516173876342390456035267968734327924749148465047776116188953804656795075536428461411320166421162814864387929
73566156149008812343288143135637363058997520410123832950428433786091156670638229365880529891366883305819046308229749828557115711223006460161060981907917307481194362720914550407454524449125313139558751443529144789080106638210219225808217405607892895508092787577623231621354757966605398878987464441847256653201
170588399877007314865066658143271095134143462179289175521679889293214886227546739181697406129055881434167793597708750154909844723780128479063483756908972626093634493880061087814426200280269782627432632657272427428659219713190471848683627064381357382654326799469093623843306642280552556912124825179345884165971
87628074377701280847450622337874763413329981057661690300950332983755047065984762030704845567061444418507937085844945766420137556203845520297390920730766847130592267570284125466133035334509138081660114317020956855271823807963148742303147189467468017511625193354456169558603780599238674515937640022099945912589
9520323123310973647050322303768021455295821986789030971523500206041525165597982776269973511153183282002454757501829274963750366517215555493941323357133837323380808176136615325599746232680571852389602907314130519865480615988813945607053773949641114997838910226718063561203507344433943219945942009041507854881
134471060709785750584773361518348582629318208428743327626850260117364685379978145578993321162207886061254236921268722749110176728604125888759018103362385475359156736953053745760591080779364359268171387134295954464921695653128892959178416454997957990098870771591318074282021996179953489440115371224708501897469
61880237811995236053779217829242480611368304034643811850187949429192377324059858092453408434136527507816851388333829596061272853779473986734942566538936170355992428751528660455892534258458866182749088643176909651816548050007713508726432370548823120505215692619708739277677141773843150853866239468917535516951
103304212851053035793155299367423890371823609449619416264659940377682705604865186915453815612243823311099053169531522115138419875832237382898731937193665568164441816555961194166094296550222344017876879394313610954144875918849196896309451534117726769030010717912570164804911457941619290415025773303244497905443
26233393015042322952445900030850834743797582902566576962393316663942684791449955869956344953649148723682708659244394003423634321473187455073436255692092423527006597208101400822179975339580257377378526309788811874576664352867602097789055495689242201587036081166124262369774312433937483767016123890467869077447
64193850448593642827377345586239510743279103597667513318864474409617670859979283944227973736232513445924663760242254083752720868174279297080327697431941764515545758524781371609176783019064368946573234760678163678542854200324646716582450275984018103850043981260244271928923941786974677492279144633869258955063
8257861324306478263515553188466067054549590566213740851119991167328445986649742192864853950997597286951416522429601910562916508624645945977131268661134551715372653819636392831042811263340504856389630370122691815928690371296301932595550006810601272377413198003141960490292835755945696557581347754688005586531
84901026325317684526385672366821959737175430016989155288099808237373738157581643751595582957098065280185413194439815284432500551384109674330943639837972022880150674910744334151686031338813828680187053885177057468514601416016482320819595110235114049455737489903720104006504397225475736117623016268659046442557
170499424317207616412888225742297000228473951134493713211629746792841307477834092076368193760571335327777587383627464849455530835045433494740382895567455654830628997107655837206617250793601348344318478157789044873744823302406494771047285381495878639583336814718490715201453470869524673026935514553047879712929
103907977735732284137515168122987877998281419122559485329690334767877556155262634984899269889819687955582001896401425707189470804295600692643261649558868124747633370394028364083011552686962798138077950976810445217458134181004614588625408368077007568194711992480581258222473792966903284026713218207028087930623
29063677711458402123848781378290201724253893780811188853448318455274111331633000989738853940612718592125243925156738250425106659554609210937163541072414683116748815272683376529562539097744215229339448802950848807934626146595896254030427099609651914251604475814061371684077733040741323462247408258663570189173
113076558454775367700629465613177314554333100176254313429760814045418512471762590522017704366037677517802757120954108992520856827695061663605638965146411007690570599839006217570801802767413781214493581136679096599318926211210906429610986595631115368057897739950105463270648988827852705276693847682167840355093
77548176330942454526358317370948311319522659021688152340711192636797298969052916480818556672312451818964902683772907278159282759100080744459986440305533495534215012104279883753899723372605069648316059974502177298261985133636660817733205780691476713513353391971589350950803623671814569191729295684361923997173
114053193502432733230994384246060974747038660347201145288468035453906497426004105782052471770101614739783369861766398502941666165337944999455248095756034847743022279819235804290332371076892090235120205178612027962182835912330885678214710552463286308980166316853427247561179467284864558695665618129720224162013
168738801247682318142471518121370069580070627640124667160903243123734718674021513763557420187372678643995126558614085592233924076221072447181981180077480491908669697818145861766613038338130231637563654160086518553691269018325903562361667697002514834178164044275997243473818965865765031410336502111873338991429
135691289364970197950581530514115649298995345219396262418438864077835133022640660515750089054985195623386042136562784343744294646505400251970458429684671493202116654439697256869591073208676844283383320196185632129535960212822021740289815786511545456540697558102452397594562768891514056737960576266209693557271
156796602434459668186552731365507325508808015698600830195244600948739328466047188480674218178997229349194437376817234625287350491332905970796690015630448831326071064892326512676934995125923826646139370485050021950125498625986209042429953733326820064368034754923866200512033523110972505331884788960982069351019
138898070073353223100066679239104717773929990176167274511774675280559493191297399603414924541904006736454567131673247456442975537563688952747533725740900343321190493869303164913778236291766013266419895515251761478995989910980825229749671110369326847661218736053866610332102836920905025784030182978853672326739
45877483252077630436191034271617068211947994713658474459141055772849165093541121721827824534316669165582693976703504227813609232365692643445107690099397997907762806056012266327488341346295417052167684768864318834080059648830959466558800036743904987065155805424619554268902919788046845246326372487047114186177
25679848622520698046086504144947558033352089199850893710096611715855394111997783080313108383477158709907290657985543773028367692086695379582893502110492442957615143498998311897464872685285785253949528420068327682798342502697647065791913707039588166846219347022043816173980344239767581504570153014337861316537
161085284985626997009085526705207567382102237581518933218566330208451784926492537095599460041585195464281758938843811932807426603714859985052736030678408689150745409792472667377686916578564261035373269410690701553980788565750070372257901580233043040722573780536403641783520687496952650065575568085549095914769
155868595862497799404819285925557053710128701053740759615103904587562143105528422876402860597260297904601781157393589034800824814085590444879042277056256491189127356158784212190862991472375479642978745055937798924812178235955056175512843473224774217703489330636028883476381143742293116687695635899151454687269
162176277556285932862014058367948025601982547076789217581099616857485716333978858031782340327257141752631407550988349390318649862096002062105063895174670996975161193619354932474539707693493503927958283565449105513488754495865357715810213092959070982841250006011977001120522650526857367075586320045772232043979
31373060281946633798735416077502738067734055472171877307872850883224818161153234299875104821181425862979985820301541109946274564645824454100804209205706733963232043060919804444280955275449404458488352539990395963348698217057976472911837415103848097563821848489304357285417566920809730610299023530249137095417
43257570189922795724734763532508831427404513885558047016826375328374739727953384899918793362823370852058189074228903411640786038570470700256934606596019445426204371419888442142465050349652458999570762904890810757167161791925069847851968282877867278429478407276949383005761938221783559095228349044687046785663
20451105828463673016309461666412278945759988771465581767180381865879482211449700423444115410400811937517542775077047925219580608657658554389334708141745020940619609353799032287977698097717284866456460842628914171463559765912453839145209977642678126805613298310900424666434678914646660925284631659348363956173
110682596053012423011876545798153460344742969807668591785497575978565231963091195341788508236621764092319092159319909188045777259258465594133450127982114807771576465562339375361323465069545288092986936172043953284778952839618725771910743619525512400392247947880805953517690792322778791656980681878620416584663
84065626017285623056163962465863041702878562837653371518749077125279521193234636800779034046124794499570437134205343118149103258410743430685550385525811533044707358425622580725544056992307332153351091924148589013831370619770404997761774999255504521153963982915537232503027664428045479373681200699504245002123
115505419315543502730473711447157289091267905152842658649460702706279273453530032581567748428947770125662208065259949147811325313230055956351849879004788309672549450358175257454742267843722426588292074604184252106603114039412808535978679607045205758968332311690623370166667297058490419461259837165095456882049
32079936722518708216524692997348666150035168320814978675727424230666041531151277731615526968479497356691015145678299181036989371878055503349371957924302752389216346541919553310547100014669564795074282409400584346898772088785405174087180651539934308238765243575418005076170791117167940759651323159342332486463
33477649017652592987218389889699804292465864653953727300224265492335862629186274550050692427767765784182171177414871788867200358716118830692972133049634900868997827401671366907224208123223772844988443544659729518389320158625796596709066612628526303785037146932619347525974618255403519372531185368218502359083
83177860375395849280357890567272725654961961958351777455017938154988585385898823504818513401973230911882531798971510684230811363559175285096406041252813921386853119382459978141862527983443680665455624169163795876097956160258150348628956270034063677001721686971228300521865689087747329977130971674488666986083
13215563698785999414747963931320860003585440343912372963345499513000009162947110940344747365482484989608494461822808331369617097317542686516576366430713011012748075351654178544541671248766782984540516599979972151432811004175087827790678857285671397776497252001413764131466871840741853387324727883282027782681
44189330877322311687065524355389866557919307624092017628557051340387845746071781922896705392112371851390839371625318281522934253387040036535584584452046161597636327287977879402218051104593019220376869824431607647844462294933886751606748709329072897859379095117932437168737471968875826222125822548228425228929
92938703420242555292405243356283805755548585669944844134327672622766314691140019460676209409845909674884387107046696501937352176698426150569057702665253229092138655583404957580945667815359909110251747579084100449531097428871646282692292122420517345974324711677835606001685419835296414090864730033665583281247
111965000003563623174488008653520250619203347345276865793891684926262931587313264533509366427485420709194354585334987324662071596613344167237652533513635378013665887142026847134713333784216392266310082746726107761508686508826738869033315384467177492330123864649464159848076377522319372643380953807755978726609
135289635543730521822218986343616636412443259384743929519229342527552958210496471206161268602033878414679649892510181776353984352178159374269631104961143182048357814937755958247106756994303828068722009480365884891675712340132011441774346755645390787134812914049571357118980412419042159895038543346736199619509
45082539915146338678468937105955578595881186104482009702835304434499848422885551566374426459345823768846254456099495763055754992909923122663657033607982172177858426833837443298760896370369115592299188888183750605626578163741961738533721183355459934907670215173570500008483533317443415910882376877209140028089
95936152048756578815320788993411346492514557387617004295405745412347053939095421075676861256548813571078850136250867375483318633988498921627052000423987198585526020576007872236406514544633495267406784076694040622309423140537295361956396206477698645302054503596788234727870500973336501024975897945181155527351
175595938233215334948604756194042221952035853353536920584830411324475612516115774118239904233165909561754690388169808936870171955241314086535974098906886871220965631538996186872077148161263568120383081159541962073092174273630028626696889811494480236761025723453516859876893977790848413573000100759160966033403
101815218704632143324137580223437831608245049707248467854648641753615501312244650410943972198878046641540539088683317194575249586401945033202771137237630421686060616787632549507546431655665963177819426017288670562203065084156852383846159138479192204838326120039503434254843660108329146941733909050435908342893
29339459176733268851156984757096164927196555624004531801539659470988477169942477851857293691818366611781756108369066267187457686712129365090766642724040826619424148681543883754838117104107807708800618634606901307733292564289733930734341982198745593588124321552999927253576411459540218320115441816035425765073
135188845534044715497320663640118077568452829787455716762675955300250570540519439238661826681459583499853609096280388222896778698665891542842823172378755189414164680088464587257669828486038410677347727424317526053232791668423755722091153473972958994634658407197279682895576949743972472387106845041577798478211
112236687948008418449770685492745538496819587209035733969150793562629403610518759068817439085376392857209541841986179038135873693099217745586919059266347912911358732464138708833998692525216844858636924051411937873804245743345381331730688161751393723498610615128962697020889035883404471912310787288839721086417
72717477688179471554354864997528384600663062944662221786955528689033232112130469381757634756746425846890379699754550823160093572387749243312123770132958254388601948441293091735730641039979489435663935625012385649067565585246928213506196898773064084594427176073609218082838107617793315359465593923235064866383
60435887679908961675895445865107846972489179599365045695786821670872017907565862639680629992708438809043183565005790592895774764803270948412493022835121131297141412500844037281595874868991255371869606626105686328301013133903826619234673745584241939059455164969711478744704645935252264205111410053150923612837
69754860526803708594347445874114650150617616489410551316593091744577693111021036895777976001064620193256088392356957487685018899054620619422003910855927621215920439565044464061024874908045863274201229112101086327136688808908940465946727039422875716824723190590038029680244058691972900091326942375097666407207
171227207899641645013659914199640503522560461727465096352392580695212254858464727881103294061650555450555889472234890141610249292759005667286883946167306825200392226115234777109336811911972777138989658486802435328032701493245602161971386886416017038328279441577801078943562198598531594532107719225219702932701
27531694446989090397363821742930993388827662436899774853838186493441351249107294380707840187071073347699527124080305113652186862329040246543474500769676641899259853351940468199929615399060872182448469713911103210931132723877565524874660011502386486200272375573088923183624253958884893321120284178316791699833
9874809919151179736301432096660384727888696679025162271632842454085033296603158490985843620337759161374994379762018045660144164897705801106628687568330535721085756898692448695617476836049634706618041408160423736702224088774037252582337973409453622438704033655246896166195749820610861427243049885663887695559
15857375884857317307638408281888425836194482482759796687427026169007344658787854815800348408198940285593941935840756796884208363496735687190392210886062850167665324381910541107796298765338257341834551804569607343098247134662089205572205889564365711421502440782118797194778057240594268858649857688536860723289
19185985756327790647737004172867340731231719339926139115812735932333827588980974244833889694708724815687688926030588760443158278819104839917519871727405820132643186925326402135579737810252601042144943554275635891559660586823754090422421559792214958588520603436931408556768781208176882194101425355228007820167
154922251606613616662372406939763487552862219909811014242981125414736377529759109717214962760312942069588744645068198451810779124068597400524633691889501445154068405365284517004291026503028139365750451994055623072565786645602698780157437642618684300062243209303670625925406902794743654101278289438803064505123
107694996692551022053734437604235482428375328960421226012410964679295685947460341566750155691706948473506884509223391355936765690196170646009282519066706364196890054312636485244094690789242979611998480234072592482960368801839744782612585910786056362205618313832208090698704348860991413458637188707840333564503
36067856384322110903574598834153051347164079195632464963810611930428005691149736429103494141258795996258171098186282094135610535457924232583044930538225984972726580221214438607510269575707581388998112785144407227207690080529427416951634578569128349689943814485968491987652701611889007080446758048092417900413
31604844501905089524994915751448156763990484984480303532920856284642293599189657205695106448549075116749360543103309521661763090532559807618480855920365753892567414758106302798950534829758990258031177624095900270350795518036916378902465070292508916508896079587119594949606123437303709661329220060105361067203
100244109126676309113425772370552893789539880043722669629064921969953886079559579256823730349734605787633104204118701290890748470799005066390284814897354612427122587776304330960017777034030362095426485424833689436701455084826230842793599017311586768828070346746831972714915183754353166148512358381388452982837
45188350141799996315865529102982909307137324252815702180450471326015619165082865792541461006916565537907356669968548039888826466027178989762489868875824328438899953851606600051331706052587784291737366936591431927396740341658536750820889592280083290976215526606223611602216679980007623220465921779075015518831
60546385532792328230805728349376427338839056814035957294099719223795897952487592849564334420169763394506271471079425225293484731760858462263057965847690184631189561057953690161112050968794949087397214883696219862858954471169432060547273906154805578361408178653601000945917090238022745047321101933062665646187
107271592349751115359744748677322990109366378633180862850391755554198175479344826920843307579768179752036488404670430350453525933809153684594495841028957458589449749666935399331416357881962136155058407490063933183033573586429074137014578534093193295919801112974794939031371466469721079725705168211528290100013
62053804815819159507885591828161135666046791492207479876500680813738973901475779206055493377020193885996958433462822567038695703403077017104665321351883363847073838919989015279374128120269319677531238951041650991885208555702199064909110161305990419072835897002068934789399328722308814398357111137729553058857
49591525097251403473361109762028426694905498265193345004935053898789747574061003887564210404883371455170903382326635630621575781811249705461174758389579877564355711415952636526580562068139290927748251474345268237755262934448757343145111910365827484439962401666552472069687503016639678282782950583599161057033
164534032316828631843823419252432810598318051329811817191069285357875086282433611774937116677211808493182298802151197372127760669372798634513208848386709126300531101975963790486939286522261068465140254466840282061519310963629462998261427088779392504745124444303054880203434594828415727979843737900426404814843
29637055086519640401083566439548880587093548989958489943004962464995439186873693282934965201377774529819123701453936632774443125256067720723566439832432999237282052539488008713210723597117190705000427040869468992992982761366671000300046288942245036365111506818947985076719523882579319010764841662956575563461
66945087627166749943575448884279262977896965751024490654330890994820812710714215049556986920688087353129210945646362423983880652918645616774283624024814006662912785531935587362123277274871932430100120299110372965318712029031803497873449334609106313535164423110679073195101363425897017406538463435185682602413
167901279480806738024304432583267084242815972148545757501323543461804017790267257980615371989450735469573504085566192353015568398367978091402654628556990268271583023856198217453130002847754651844201990051092462630537595546899613874634076933896265828506626752764326574580067866077847532079916643992065718397289
33957512582780047810866139596879669448374108936086174813798474035538572137271982392145024097366166418286046105743127971571770145572987374692581439831763991133860869267218659254529838507230937562624716899678862854885397686205537945345380530566415202248961568329494991812685695060324098555189884261631564849561
134778487549825891505770588996907421614014619169915646756362188880372712059573016661394709361344904934544804230640293751911755100400889942863270499775742773761059008555993236618662052064596405062771803316163932959523060435346280265543855321773694655562190623123708152917553869435600357948657750870628187256637
151068457367976152392657899503426122584243038582740800443114957119377173856406988672611125752017610761103403649638740178802002253742839335700253784237347402720018327287292267622712554530706209362544144969750859122874804766932600200692950582644861374424001973608780796645340932323824673662184913821842566860121
59856859725755199407393085331324595449786224515154411933610430626535273483509046638640697713960746622126540360802332509838244904116828751329689863091423215048611467853448347106274496151794003860481903504225855226419830057565099710570306419622286154722358317196074950233197539862811443567880602329813757317573
47796689411631069448653520863996711442296150083330083943978665800495546476361851503667837126245474338631526578953305162482928882772143709690469227328502253710804825758972091243245838860110160882789765583694666328835529533510999809837986418534654286874518620076675850704989925113338700848968890661429740815257
