11143076682725028852778344581329990554374768844307130664795171165666977116065951289807531452265140419747245808652641484171803380793398396497650288897105129
12949289789084083120792060577048528169964383029590469110076698871712278201961641489685698436589896059237056280725324047804836993084407957030872193327939861
10749614176336856232602488034284817772534302437239982533020889592784049921404075692448863479066611596250711758311974846009054345026835642606415887438497253
11258356690341827013281154227265804850507722901881803623453166096376546735553285918353002680868118300960617175176294252551324667144891368510049009471263453
786843490569433859664158952948107374757285531331058626559002569060649747066907682442215587361768320655000654310349028844412215015585278003907155654701117
11636218081579159078336655214317213486715979859973794305917116687720767935894143841969328683014794595704961404440190716993970434196566933149922200323382797
9600444389966590248303059196552893115205480807288076359719709728459087038346713890868667633903929805724030049650288135048753254246902809206221578801309451
8423381543542301868086754075607014156983949977404568442147419012297021513416669504477410351543412576629836425538907009582133498423816877274769550357432869
773783388526951724735644478361014480313399516576003470440981681526495734185141575434450773818554740078854720411995192505968679319739397023386117331433041
6512397146401820290203849407303494494023601512119131533678517906101251386312193340811155342429934234634914143602675467717165287311930557122632855788788939
11995322636267028059764293691616562323249040506084684047261419712854522086290491823984550889425452782296668303596677586681469135845700875333942730777141691
1774837239918193118227493199325758088790349901511477970483008352717703969513714499249155001028065652966066487986104898306399148199163087132826528155163447
2854888619251449207181702078918067558264802352583326212167087859195824262895739715392106162809743229572761293462931272386002072403170131389931669880007201
12254852517458666516275632780785046018053546680188543807262631745320006817403597936877826524226441204297796412464265874996525576504167564285532954859821037
13241979426625176669695163553535613606274760635668312874549899090922539265083038673383977741848056810990184799974564245577200492364935549169673197537539297
6091473907840100458736635198410948757912951861593282548501875880795677085442836440680087055452199086413038175973013265320156166139135450261874979886038059
3255834044314344916490552543253657692451047259308689557439012161549887963941338553359534492287915615153792021156612172819537043767221364080656397099973197
6091519107112306073243950032530513684097466806621949776622951320259179826950350579450036663599315587374133450687022534792567410531141627950453767684207727
7590007698614110803169074220603612445013688690895350402537146668833357879016148940059652379487907792698624666386786954530285702500319145377600684131100967
506167706799018994777168338010256667355685772743763811022291677959429217226989160994112741295064546632165562361615203533904794001526186048962736370255077
2540197126707673252726702408090357853150885770378963517636523093462573398787038442466716124349192698239063864172694191952635807471157276590280785926291181
2282564080279995933322633574814561243795034106696624548859707112054933066589289655210284462256303933285377076707389346484864132847076140521284295420642351
9939342876229167986145843952126115997089532532216585628952401019740602569141309490742515289564765444944630626238475016169267473429788434645970807709656597
2986184954154068007009607198522047481903500498219041704170864157936689704394958980377927322707782407839027215924781756600280267308749147397154008004132163
1503544851015202008762257258245496681875503721611345217014678858570849050799315893534793392819384628937850649245455303400171434999940822598899114605357219
11149317269838376270883558699692830395926906552184399922889311692430093144446082585166624617112758240206493855123890708952494305139484484274401973784085363
8994781069594964811955020941781796237201721502441276257001013902743348145757764510125632447453807778232683325222168054245714402747485761285438591411871819
4525479964654806925909933868784946629520852148788276599763896275434301140305061362097356615807500072082433392079554992190574521785594488585838203050364429
8719693459622867145173061660226458378783369425378656324478896438791503751195213302591976250076538920751166230099174925554716583303015840071486955049295069
4087286379341832313226085743190136621500823072712911883318904262109783384389994829086130306798071677568618296070440744977736570045644140377835526882930539
5463061059996468951816408234361119358582202290863457899288055676567638719957974165212759732410123930653272359536066972348179575294057737300658516901643621
2189613388736551583825305276694656483206953203195083029766531103548337441296696707251159525647588510481242511678872480846418798731919132938402867559252003
10015649539358309364525194852724539051143020485433699619563644632343009175425717925841383536930473027422000066216010356487324569884239081529729262999164419
4531990902562238331100106855236130307076696792038644813297023464784771827009810939912584927601900597318721460908239961401399721123350945771321004628339249
353495868665651323334001929801650946795426358466802472390715077079483733460050696846910397286200976030885351716321645573708390103094854574255251009703017
5137147773589286488980067665282488832418129614435168894423730013032487990310229323803396264115628566778439013775348887487056886652007970965816113025687799
4580997651635330331849817296220772314242638575426048007919526551565831814962926834812463671068069819668870125663283579546785761881142584107348969883548039
6061201398459877704449540151804420065628411101958311056600939040442608114509839557774778306296133224269351041369664244624359247165780044916939661559295449
7879868203248247000082987163615147102816217289893215210771019227729176312200391099465613241075693656025986830253835027489722176399104936282689823152279749
8121480889543158150538171180982730570882551600702926199924321029965532284168091049387331707679645714465845306184619824979671863470664262792378854419780627
12699495340976509078375491375647872987171844859190820476022140189840208407611546823560716627048963370294180204081922440073478254910415791066488411544118379
3976267646853211885374177739629290782515821400614569857480967842044929017542132769873910567786863267444205709511534928205566529900084818130614863198076531
7000760528091567738076354326160353705174213708992633188145392578156776430056257471369303947587473602107155085892651961957263916516942472466046634666281727
8505878656311395627362495584089769830056925498983105847415091063141527353213020823995979053231022749831279007001264648279334775198964841647575488433387671
2853975388180031205909922088191091668221817583956582391941270373307179890006118949844560836696912775894981082976469156486370073762404366206991184943032141
7392618423131499962495060614973623160100256108113463591410387637781940643019884228576498100871900485768819867742047679086135393918322890939671762526071699
12510587784057645284890507892992467395383120329320434469989780560100768999642558729558903528332881872923626874779557341106564672444602993755239656894851911
9640534746389782745602549426103544675314353774819696016205174429431041244668962402337244047486846296208880452434584987231049033816659959989991892538733927
12263550227318744760908536395380049296933218165418796414935964747433433719538803510665827210479065453458333846239787487363489035398674051187742925573934621
3156295910829306507545104143009825037169891001452237217131672836495066007026476086715876283792934442936208524429773159338674534836620439803249765313413651
7950845176247512404741400868205935035991531883595714188754577371811029972915726361413858262804502407762139017183147413439730510197170722481987203857913461
3685962257534579467574437783797743560162502403084320569954353145311759388636500747770692648412646086546325254299028328146149111887549369564969948226838321
6606760077176353800556408120586700151446876536797490240395537966840382291319743159802834719631365648616982449295510312157048645157970147806893158106162077
9988529781500145489197046897744147967100616678306852265505008043411010312696899757305280408686673907289823175499272692044540641914504214555147106902510267
1137154606730033870595953450436851412462927404706203395505190621230769460752463618868441256007526606191525502864268665887405794165979531207194486282811501
13390889815520192266517454927863446520139737974000633373075659157078227240306656858757745963442251849299177358151953539969089563830150094423518218553546637
12075296870418678033969644735895880973018585232690422402264496841248475796264777040448101020878491469272943544694943547218188388083610425424921725872025143
8578659415596197520719694433654336900360173258123249359242965911657739540795041525708593941524758456289924143478736796991902498932171903991531079578941481
2595675645623033630256575253662615491653776784437147167365003907114330822486366952237582697952626516805791266277798375093621411391816179238763114928358949
7423136680556757452931957194721547756222711375335110479887253230750642661748230229052201743726206082293837168426709433225125771045079937902908103674665421
4882495033316065924286571870401454292462040178075953508684808035997715426899318267965973202262062891799456731771654471823003174245266199495702223838552691
1739772354793996362538256118927056513279934293223318937082906326538463373645082036736181647622443308488280690022942514561891086226273443169864724614896733
10607229048502729770575844787233429512657135729863252471939312890821793802147650135578762486016314359475026914237150623747235562755453630855181722472858459
12630412871088337224129399989040644050908046586628819684124089770665168164569348560511248852098214536991719647899254410682708800632344994644387534831471199
12546172945580825865814559931025380631696890385887684228658245516396341010086794321396368577843463328386228536952228067708021538117158655791257361507510677
7817825485766346839770977272756708188275269027995108652683387845012859729333419966137713948099335799762206972261049660193478599417188879178617118131037057
5135542836707451470114457345019934004305907587909246906117430268458571409935275937736035299623083653149195058702448302383797034327714938968269582655179767
2951203881672765908204087564136642814789312868900072778726442000664267301494988621828868468271947140327112334789086204346642261445497941043300938890658091
10223654524024337582521479161007774770725154853697527057318325271338183658418511714863609738787080243586665624918598843664700570779084702354934319515727451
9866920582187042468463207319416226657149900216510394297620171454279151578627477952726268516326909449632683915679510358444113481738232238947802776083672379
709338402256200831635117337794923594411754168566561220049190433076540178994440249810716912920644109680737196768007598697826440429752301008430847124672823
9841087400875060648482972537723962422770686715378510452463266460343678553112591434596152560920861843428016348935563732978576814668739300152853617742987247
7981861307954342243139372017533394838658009157111297897957047410927551026890409713205840182669427286982877787451023563106898828374493474430782366629444501
8117800677786869438551013411650539139495981638073662464351292632496035993634510620380680625147751600218807596353097933940765268723486838868874362281483121
4896604474143787857975246241320907525076128350659199345845075227952982577754950787894768621785373070518134779318096523901777187757652947443475352771802679
1837051472658512075674462936293469319584211021386489786311249955676406639557491027999831188976229675847086415218119710013281455414820638432394863394300239
13230259407478348495651727494114840654578228055949782041813703868380738360273695619578404270593217433980699276189749425752384251469384577830264309450682791
13359702589831507530528426777270149335728927574782944651821595677341675419571700857065805161058053673039283787739289227460331255062109811452615441074738103
10018665187332274668661000859715405976685816009137394544545593991178758794068337278985750224277745121076060114284711343256976150823879770406779764015307257
3613090346223195166756605694776185141163159376428316217492802939990059142852606742103500709703175890461038088815152096734703112865213277031782685892891381
9048187247665377731307598799425638370187952939897185482463865953523783612304448112413996574847620525445248539029635405045459334381310344492377102399825937
793844783296928349663601351724598148787732559900534531308295574714664963527685767712317403119373570144891890346378509451217867962389518223974328908963113
6978030211717290252451422849394975249204331968985342735330352802968970571187166223649755308790131496872270639098435700321864035384619044338649728298904441
12383726596107715490293263749724865929330718073414245611671098063170968943152777382683152358343426489305153551146919964587770083444801021135348282814746653
10196259505299769422073166775702132073562273959975235130277027100188935920672635055647111673923684662939976596755087636828211388828779270565271048316211481
5642251361105296871620788509107122776603934332783324558915909358267173787011868438910215045270023021864512661888775804100193257996510070692033441834646573
838134131050178926691564220608625767319196502532986285449408599645177436652074728819437875793835436065434935152675366005595178818100201939620224904260467
5914906708184192503676962826365352524289669052466054769232857578474662532705082155160942422568474891262878636198203497827767113836454886714376781893003633
12912694393242130754382513178787023036319843812726488860935977331044070934828201189282629013887560004042357326276479305421535382526712078427252463052507563
11423509090675789920082835814431724650416567405201576134537532802936384892852668679402039173103435897312382986180593874639046170491222746320669565542340033
2273162290282868124147983770196395631892517306124308205413628063115841248970844623651722344597064712845278160983699969807190735767798398269918943133734547
10363638625723668502319618725229699804192740690250515518569481293672164708457835072843793070619873915909655385152848401992458661966398592523858485626624113
5866731475133082378948452356870785950334673252537191638475754039619891405836455255943362659485758359580930600612634126262932310361155968635988962234852403
9627855239936710522485305485609070426494033215591974897141435691769287756628737045277284752357730884275862205768123464172065633130463183396202572199156401
1366179051274110901244071316033322835953294144910969616901416203415784977538709263886962828781968983920835575536307875007735674057310984555516883164965031
9657496562961227099408561078236181782112209209328989588921192069556730905670354871918359339603547227091146011550755555221155564286745841601914065449796631
8386027366019827115838085342292352040565182340286604796440935852847849534505778873170277835606281022007920493675169684024858039349192325277109073275975411
13404719204181638364878858744529496577706540032124956414677425966694023123681265244748759561816620509989364388341349568775366340460360525747832926287511583
1131830565154144872901346770153698148886440216539117092111538049955599446780871054237264398145695588942517724521965867361888989628613133974165587744336873
